0.000000 125657997.13 -0.21 
1.136667 125657943.73 -0.23 
2.273333 125657882.69 -0.23 
3.410000 125657821.66 -0.46 
4.546667 125657707.21 -0.25 
5.683333 125657646.18 -0.24 
6.820000 125657585.14 -0.24 
7.956667 125657524.11 -0.23 
9.093333 125657463.07 -0.26
10.230000 125657394.41 -0.22
11.366666 125657341.00 -0.51 
12.503332 125657211.30 -0.27
13.639998 125657142.64 -0.26 
14.776665 125657073.97 -0.26
15.913331 125657005.31 -0.25
17.049997 125656936.65 -0.25 
18.186665 125656875.61 -0.27
19.323332 125656806.95 -0.27 
20.459999 125656738.28 -0.56
21.596666 125656593.32 -0.28
22.733334 125656524.66 -0.28 
23.870001 125656455.99 -0.30
25.006668 125656379.70 -0.30 
26.143335 125656303.41 -0.29
27.280003 125656227.11 -0.29 
28.416670 125656150.82 -0.58
29.553337 125656005.86 -0.33
30.690004 125655921.94 -0.29 
31.826672 125655845.64 -0.32
32.963337 125655761.72 -0.28 
34.100002 125655693.05 -0.34
35.236668 125655609.13 -0.33
36.373333 125655525.21 -0.65 
37.509998 125655357.36 -0.31
38.646664 125655281.07 -0.34 
39.783329 125655197.14 -0.36
40.919994 125655105.59 -0.32 
42.056660 125655021.67 -0.35
43.193325 125654930.11 -0.34
44.329990 125654846.19 -0.36 
45.466656 125654754.64 -0.71
46.603321 125654571.53 -0.35 
47.739986 125654479.98 -0.37
48.876652 125654388.43 -0.36
50.013317 125654296.87 -0.38 
51.149982 125654197.69 -0.35
52.286648 125654106.14 -0.37 
53.423313 125654014.59 -0.78
54.559978 125653816.22 -0.41
55.696644 125653709.41 -0.37 
56.833309 125653617.86 -0.42
57.969975 125653511.05 -0.39 
59.106640 125653411.87 -0.41
60.243305 125653305.05 -0.40
61.379971 125653205.87 -0.83 
62.516636 125652992.25 -0.44
63.653301 125652877.81 -0.40 
64.789970 125652778.63 -0.45
65.926636 125652664.18 -0.44
67.063301 125652549.74 -0.44 
68.199966 125652435.30 -0.43
69.336632 125652328.49 -0.45 
70.473297 125652214.05 -0.91
71.609962 125651985.17 -0.48
72.746628 125651863.10 -0.47 
73.883293 125651741.03 -0.47
75.019958 125651618.96 -0.46 
76.156624 125651504.52 -0.51
77.293289 125651374.82 -0.47 
78.429955 125651252.75 -0.99
79.566620 125651000.98 -0.50
80.703285 125650871.28 -0.49 
81.839951 125650749.21 -0.51
82.976616 125650619.51 -0.53 
84.113281 125650482.18 -0.52
85.249947 125650352.48 -0.54
86.386612 125650215.15 -1.06 
87.523277 125649948.12 -0.54
88.659943 125649810.79 -0.56 
89.796608 125649665.83 -0.55
90.933273 125649528.50 -0.57 
92.069939 125649383.54 -0.56
93.206604 125649238.59 -0.58
94.343269 125649093.63 -0.57 
95.479935 125648948.67 -1.18
96.616600 125648651.12 -0.60
97.753265 125648498.54 -0.62 
98.889931 125648338.32 -0.57
100.026596 125648193.36 -0.62 
101.163261 125648033.14 -0.61
102.299927 125647880.55 -0.63
103.436592 125647720.34 -1.26 
104.573257 125647399.90 -0.65
105.709923 125647232.06 -0.64 
106.846588 125647071.84 -0.69
107.983253 125646896.36 -0.65 
109.119919 125646728.52 -0.66
110.256584 125646560.67 -0.68
111.393250 125646385.19 -1.37 
112.529915 125646034.24 -0.70
113.666580 125645851.14 -0.69 
114.803246 125645675.66 -0.71
115.939911 125645492.55 -0.69
117.076576 125645317.08 -0.74 
118.213242 125645126.34 -0.73
119.349907 125644943.24 -0.74 
120.486572 125644752.50 -1.49
121.623238 125644371.03 -0.76
122.759903 125644180.30 -0.78 
123.896568 125643981.93 -0.79
125.033234 125643783.57 -0.81 
126.169899 125643577.58 -0.79
127.306564 125643379.21 -0.81
128.443237 125643173.22 -1.61 
129.579910 125642761.23 -0.82
130.716583 125642555.24 -0.87 
131.853256 125642333.98 -0.82
132.989929 125642127.99 -0.86 
134.126602 125641906.74 -0.88
135.263275 125641685.49 -0.86
136.399948 125641464.23 -1.76 
137.536621 125641014.10 -0.90
138.673294 125640785.22 -0.89 
139.809967 125640556.34 -0.90
140.946640 125640327.45 -0.94
142.083313 125640090.94 -0.95 
143.219986 125639846.80 -0.94
144.356659 125639610.29 -0.95 
167.090118 125633377.08 -1.18
168.226791 125633079.53 -1.22
167.090118 125633377.08 -1.18
168.226791 125633079.53 -1.22
169.363464 125632766.72 -2.46
170.500137 125632141.11 -1.24
171.636810 125631828.31 -1.27
172.773483 125631500.24 -1.25
173.910156 125631179.81 -1.28
175.046829 125630851.75 -1.29
176.183502 125630523.68 -1.33
177.320175 125630187.99 -1.30
178.456848 125629852.29 -2.69
179.593521 125629165.65 -1.35
180.730194 125628822.33 -1.38
181.866867 125628471.37 -1.38
183.003540 125628120.42 -1.42
184.140213 125627761.84 -1.42
185.276886 125627395.63 -1.43
186.413559 125627029.42 -2.90 
187.550232 125626289.37 -1.46 
188.686905 125625915.53 -1.50 
189.823578 125625534.06 -1.50 
190.960251 125625152.59 -1.53 
192.096924 125624763.49 -1.53 
193.233597 125624374.39 -1.56 
194.370270 125623977.66 -3.15 
195.506943 125623176.57 -1.59 
196.643616 125622772.22 -1.62 
197.780289 125622360.23 -1.65 
198.916962 125621940.61 -1.65 
200.053635 125621521.00 -1.65 
201.190308 125621101.38 -1.71 
202.326981 125620666.50 -1.68 
203.463654 125620239.26 -3.47 
204.600327 125619354.25 -1.73 
205.737000 125618911.74 -1.76 
206.873672 125618461.61 -1.78 
208.010345 125618003.85 -1.78 
209.147018 125617546.08 -1.81 
210.283691 125617088.32 -1.86 
211.420364 125616615.30 -3.74 
212.557037 125615661.62 -1.88 
213.693710 125615180.97 -1.90 
214.830383 125614692.69 -1.93 
215.967056 125614204.41 -1.98 
217.103729 125613700.87 -1.97 
218.240402 125613197.33 -2.00 
219.377075 125612686.16 -4.01 
220.513748 125611663.82 -2.06 
221.650421 125611137.39 -2.05 
222.787094 125610610.96 -2.10 
223.923767 125610076.90 -2.12 
225.060440 125609535.22 -2.11 
226.197113 125608993.53 -2.16 
227.333786 125608444.21 -2.18 
228.470459 125607887.27 -4.41 
229.607132 125606765.75 -2.27 
230.743805 125606185.91 -2.26 
231.880478 125605613.71 -2.30 
233.017151 125605026.25 -2.32 
234.153824 125604431.15 -2.31 
235.290497 125603843.69 -2.38 
236.427170 125603233.34 -4.78 
237.563843 125602012.63 -2.40 
238.700516 125601402.28 -2.47 
239.837189 125600769.04 -2.49 
240.973862 125600135.80 -2.50 
242.110535 125599494.93 -2.51 
243.247208 125598854.06 -2.55
244.383881 125598205.57 -5.21
245.520554 125596878.05 -2.62 
246.657227 125596206.67 -2.66
247.793900 125595527.65 -2.67 
248.930573 125594848.63 -2.74
250.067245 125594146.73 -2.72
251.203918 125593452.45 -2.76 
252.340591 125592750.55 -2.79
253.477264 125592041.02 -5.71 
254.613937 125590583.80 -2.87
255.750610 125589851.38 -2.91 
256.887268 125589111.33 -2.94
258.023926 125588363.65 -2.98
259.160583 125587600.71 -2.98 
260.297241 125586837.77 -3.02
261.433899 125586067.20 -6.16 
262.570557 125584495.54 -3.11
263.707214 125583702.09 -3.14
264.843872 125582901.00 -3.20 
265.980530 125582084.66 -3.20
267.117187 125581268.31 -3.26 
268.253845 125580436.71 -3.26
269.390503 125579605.10 -6.67
270.527161 125577903.75 -3.38 
271.663818 125577041.63 -3.43
272.800476 125576164.25 -3.43 
273.937134 125575286.87 -3.48
275.073792 125574401.86 -3.51 
276.210449 125573509.22 -3.56
277.347107 125572601.32 -3.61
278.483765 125571678.16 -7.28 
279.620422 125569824.22 -3.71
280.757080 125568878.17 -3.73 
281.893738 125567924.50 -3.75
283.030396 125566970.83 -3.83
284.167053 125565994.26 -3.84 
285.303711 125565010.07 -3.89
286.440369 125564018.25 -7.87 
287.577026 125562011.72 -4.03
288.713684 125560981.75 -4.04
289.850342 125559951.78 -4.09 
290.987000 125558906.56 -4.10
292.123657 125557861.33 -4.17 
293.260315 125556800.84 -4.24
294.396973 125555717.47 -8.54
295.533630 125553535.46 -4.33 
296.670288 125552429.20 -4.37
297.806946 125551315.31 -4.44 
298.943604 125550186.16 -4.48
300.080261 125549041.75 -4.51
301.216919 125547889.71 -4.55 
302.353577 125546730.04 -4.61
303.490234 125545555.11 -9.34 
304.626892 125543174.74 -4.77
305.763550 125541961.67 -4.80
306.900208 125540740.97 -4.86 
308.036865 125539505.00 -4.92
309.173523 125538253.78 -4.94 
310.310181 125536994.93 -5.00
311.446838 125535720.83 -10.14
312.583496 125533134.46 -5.14 
313.720154 125531822.20 -5.19
314.856812 125530502.32 -5.27 
315.993469 125529159.55 -5.29
317.130127 125527809.14 -5.34
318.266785 125526443.48 -5.39 
319.403442 125525070.19 -10.99
320.540100 125522270.20 -5.59 
321.676758 125520843.51 -5.61
322.813416 125519416.81 -5.71
323.950073 125517959.59 -5.72 
325.086731 125516502.38 -5.80
326.223389 125515022.28 -5.87 
327.360046 125513526.92 -5.91
328.496704 125512023.93 -12.02 
329.633362 125508956.91 -6.08
330.770020 125507408.14 -6.17
331.906677 125505836.49 -6.24 
333.043335 125504249.57 -6.27
334.179993 125502647.40 -6.33 
335.316650 125501029.97 -6.39
336.453308 125499397.28 -13.00
337.589966 125496078.49 -6.59 
338.726624 125494400.02 -6.68
339.863281 125492698.67 -6.73 
340.999939 125490982.06 -6.82
342.136597 125489242.55 -6.87
343.273254 125487487.79 -6.92 
344.409912 125485725.40 -14.08
345.546570 125482131.96 -7.15 
346.683228 125480308.53 -7.23
347.819885 125478462.22 -7.27
348.956543 125476608.28 -7.37 
350.093201 125474731.45 -7.45
351.229858 125472831.73 -7.52 
352.366516 125470916.75 -15.25
353.503174 125467025.76 -7.75 
354.639832 125465049.74 -7.81
355.776489 125463058.47 -7.90
356.913147 125461044.31 -7.99 
358.049805 125459007.26 -8.05
359.186462 125456954.96 -8.14 
360.323120 125454879.76 -8.23
361.459778 125452781.68 -16.68
362.596436 125448524.48 -8.48 
363.733093 125446365.36 -8.56
364.869751 125444183.35 -8.64 
366.006409 125441978.45 -8.71
367.143066 125439758.30 -8.82
368.279724 125437507.63 -8.89 
369.416382 125435241.70 -18.10
370.553040 125430625.92 -9.17
371.689697 125428291.32 -9.26 
372.826355 125425926.21 -9.36
373.963013 125423538.21 -9.45 
375.099670 125421127.32 -9.54
376.236328 125418693.54 -9.63 
377.372986 125416236.88 -19.59
378.509644 125411239.62 -9.92
379.646301 125408706.67 -10.00 
380.782959 125406158.45 -10.15
381.919617 125403572.08 -10.25 
383.056274 125400955.20 -10.33
384.192932 125398323.06 -10.44 
385.329590 125395660.40 -10.54
386.466248 125392974.85 -21.42
387.602905 125387512.21 -10.87 
388.739563 125384742.74 -10.99
389.876221 125381942.75 -11.09 
391.012878 125379112.24 -11.21
392.149536 125376251.22 -11.29
393.286194 125373367.31 -11.38 
394.422852 125370468.14 -23.22
395.559509 125364547.73 -11.75 
396.696167 125361549.38 -11.89
397.832825 125358520.51 -12.02
398.969482 125355453.49 -12.13 
400.106140 125352363.59 -12.26
401.242798 125349235.53 -12.36 
402.379456 125346084.59 -25.08
403.516113 125339691.16 -12.76
404.652771 125336433.41 -12.88 
405.789429 125333152.77 -13.00
406.926086 125329841.61 -13.14 
408.062744 125326492.31 -13.28
409.199402 125323104.86 -13.39
410.336060 125319686.89 -13.50 
411.472717 125316246.03 -27.47
412.609375 125309242.25 -13.96 
413.746033 125305679.32 -14.06
414.882690 125302093.51 -14.21
416.019348 125298469.54 -14.36 
417.156006 125294807.43 -14.48
418.292664 125291114.81 -14.66 
419.429321 125287376.40 -29.75
420.565979 125279792.79 -15.08
421.702637 125275947.57 -15.25 
422.839294 125272056.58 -15.38
423.975952 125268135.07 -15.57 
425.112610 125264167.79 -15.70
426.249268 125260162.35 -15.85
427.385925 125256118.77 -32.22 
428.522583 125247901.92 -16.32
429.659241 125243736.27 -16.50
430.795898 125239532.47 -16.67
431.932556 125235282.90 -16.83
433.069214 125230987.55 -16.99
434.205872 125226654.05 -17.18
435.342529 125222274.78 -17.34
436.479187 125217849.73 -35.20
437.615845 125208869.93 -17.88
438.752502 125204307.56 -18.02
439.889160 125199714.66 -18.25
441.025818 125195060.73 -18.39
442.162476 125190368.65 -18.58
443.299133 125185630.80 -18.80
444.435791 125180839.54 -38.14
445.572449 125171112.06 -19.32
446.709106 125166183.47 -19.52
447.845764 125161209.11 -19.75
448.982422 125156173.71 -19.95
450.119080 125151084.90 -20.12
451.255737 125145957.95 -20.34
452.392395 125140769.96 -41.26
453.529053 125130249.02 -20.97
454.665710 125124900.82 -21.15
455.802368 125119506.84 -21.35
456.939026 125114059.45 -21.58
458.075684 125108558.65 -21.80
459.212341 125102996.83 -21.99
460.348999 125097389.22 -22.23
461.485657 125091720.58 -45.12
462.622314 125080215.45 -22.91
463.758972 125074371.34 -23.11
464.895630 125068473.82 -23.34
466.032288 125062522.89 -23.59
467.168945 125056510.93 -23.86
468.305603 125050422.67 -24.04
469.442261 125044288.64 -48.84
470.578918 125031837.46 -24.80
471.715576 125025512.70 -25.02
472.852234 125019134.52 -25.30
473.988892 125012680.05 -25.51
475.125549 125006172.18 -25.78
476.262207 124999595.64 -26.04
477.398865 124992958.07 -52.89
478.535522 124979469.30 -26.84
479.672180 124972625.73 -27.08
480.808838 124965721.13 -27.38
481.945496 124958740.23 -27.64
483.082153 124951690.67 -27.93
484.218811 124944564.82 -28.16
485.355469 124937385.56 -28.49
486.492126 124930122.38 -57.82
487.628784 124915382.39 -29.33
488.765442 124907905.58 -29.64
489.902100 124900344.85 -29.90
491.038757 124892723.08 -30.23
492.175415 124885017.40 -30.50
493.312073 124877235.41 -30.83
494.448730 124869377.14 -62.55
495.585388 124853431.70 -31.77
496.722046 124845329.28 -32.04
497.858704 124837158.20 -32.39
498.995361 124828895.57 -32.68
500.132019 124820564.27 -33.03
501.268677 124812141.42 -33.33
502.405334 124803642.27 -67.71
503.541992 124786376.95 -34.34
504.678650 124777618.41 -34.68 
505.815308 124768775.94 -35.05
506.951965 124759841.92 -35.41
508.088623 124750816.35 -35.73
509.225281 124741706.85 -36.11
510.361938 124732498.17 -36.45 
511.498596 124723205.57 -73.97
512.635254 124704345.70 -37.54 
513.771912 124694770.81 -37.89
514.908569 124685112.00 -38.31
516.045227 124675338.75 -38.64 
517.181885 124665489.20 -39.08
518.318542 124655525.21 -39.43 
519.455200 124645469.67 -80.03
520.591858 124625061.04 -40.62
521.728516 124614700.32 -41.00 
522.865173 124604248.05 -41.42
524.001831 124593681.34 -41.84 
525.138489 124583007.81 -42.22
526.275146 124572242.74 -42.66
527.411804 124561363.22 -86.59 
528.548462 124539283.75 -43.94
529.685120 124528076.17 -44.37 
530.821777 124516761.78 -44.80
531.958435 124505340.58 -45.27
533.095093 124493797.30 -45.68 
534.231750 124482147.22 -46.17
535.368408 124470375.06 -93.64 
536.505066 124446495.06 -47.55
537.641724 124434371.95 -48.00 
538.778381 124422134.40 -48.48
539.915039 124409774.78 -48.95
541.051697 124397293.09 -49.43 
542.188354 124384689.33 -49.91
543.325012 124371963.50 -50.41 
544.461670 124359107.97 -102.30
545.598328 124333023.07 -51.94
546.734985 124319778.44 -52.40 
547.871643 124306419.37 -52.97
549.008301 124292907.71 -53.45 
550.144958 124279281.62 -53.97
551.281616 124265518.19 -54.51
552.418274 124251617.43 -110.65 
553.554932 124223403.93 -56.14
554.691589 124209091.19 -56.70 
555.828247 124194633.48 -57.25
556.964905 124180030.82 -57.79
558.101563 124165290.83 -58.35 
559.238220 124150413.51 -58.96
560.374878 124135375.98 -119.63 
561.511536 124104873.66 -60.73
562.648193 124089385.99 -61.26 
563.784851 124073760.99 -61.88
564.921509 124057983.40 -62.51
566.058167 124042045.59 -63.13 
567.194824 124025947.57 -63.74
568.331482 124009696.96 -64.37 
569.468140 123993286.13 -130.61
570.604797 123959983.83 -66.27
571.741455 123943084.72 -66.92 
572.878113 123926017.76 -67.54
574.014771 123908790.59 -68.22 
575.151428 123891395.57 -68.88
576.288086 123873832.70 -69.57
577.424744 123856094.36 -141.17 
578.561401 123820098.88 -71.65
579.698059 123801826.48 -72.31 
580.834717 123783386.23 -73.02
581.971375 123764762.88 -73.71
583.108032 123745964.05 -74.45 
584.244690 123726982.12 -75.21
585.381348 123707801.82 -152.56 
586.518005 123668899.54 -77.40
587.654663 123649162.29 -78.13 
588.791321 123629241.94 -78.94
589.927979 123609115.60 -79.67
591.064636 123588798.52 -80.45 
592.201294 123568283.08 -81.24
593.337952 123547569.27 -82.05 
594.474609 123526649.48 -166.44
595.611267 123484207.15 -84.44
596.747925 123462677.00 -85.25 
597.884583 123440940.86 -86.11
599.021240 123418983.46 -86.91 
600.157898 123396820.07 -87.77
601.294556 123374443.05 -88.63
602.431213 123351844.79 -179.80 
603.567871 123305992.13 -91.19
604.704529 123282737.73 -92.08 
605.841187 123259254.46 -92.99
606.977844 123235542.30 -93.87
608.114502 123211601.26 -94.78 
609.251160 123187431.34 -95.69
610.387817 123163032.53 -194.19 
611.524475 123113510.13 -98.48
612.661133 123088401.79 -99.47 
613.797791 123063034.06 -100.38
614.934448 123037437.44 -101.40
616.071106 123011581.42 -102.34 
617.207764 122985481.26 -103.32
618.344421 122959136.96 -104.34 
619.481079 122932525.63 -211.68
620.617737 122878547.67 -107.36
621.754395 122851173.40 -108.40 
622.891052 122823532.10 -109.44
624.027710 122795623.78 -110.50 
625.164368 122767448.43 -111.54
626.301025 122739006.04 -112.62
627.437683 122710289.00 -228.49 
628.574341 122652023.32 -115.88
629.710999 122622474.67 -116.99 
630.847656 122592643.74 -118.12
631.984314 122562522.89 -119.25
633.120972 122532112.12 -120.36 
634.257629 122501419.07 -121.52
635.394287 122470436.10 -246.57 
636.530945 122407562.26 -125.05
637.667603 122375671.39 -126.20 
638.804260 122343490.60 -127.43
639.940918 122310997.01 -128.65
641.077576 122278190.61 -129.86 
642.214233 122245079.04 -131.10
643.350891 122211647.03 -132.35 
644.487549 122177894.59 -268.46
645.624207 122109436.04 -136.14
646.760864 122074722.29 -137.47 
647.897522 122039665.22 -138.72
649.034180 122004287.72 -140.04 
650.170837 121968574.52 -141.39
651.307495 121932518.01 -142.69
652.444153 121896133.42 -289.47 
653.580811 121822319.03 -146.84
654.717468 121784873.96 -148.18 
655.854126 121747085.57 -149.56
656.990784 121708946.23 -150.97 
658.127441 121670448.30 -152.42
659.264099 121631584.17 -153.87
660.400757 121592346.19 -312.02 
661.537415 121512779.24 -158.23
662.674072 121472427.37 -159.69 
663.810730 121431709.29 -161.21
664.947388 121390602.11 -162.70
666.084045 121349113.46 -164.25 
667.220703 121307228.09 -165.78
668.357361 121264953.61 -167.31 
669.494019 121222290.04 -339.35
670.630676 121135757.45 -172.04 
671.767334 121091888.43 -173.66
672.903992 121047607.42 -175.28
674.040649 121002914.43 -176.93 
675.177307 120957801.82 -178.57
676.313965 120912269.59 -180.22 
677.450623 120866310.12 -365.42
678.587280 120773132.32 -185.30
679.723938 120725883.48 -187.00 
680.860596 120678199.77 -188.70
681.997253 120630081.18 -190.48 
683.133911 120581512.45 -192.23
684.270569 120532493.59 -193.98
685.407227 120483032.23 -393.38 
686.543884 120382720.95 -199.42
687.680542 120331871.03 -201.24 
688.817200 120280555.73 -203.09
689.953857 120228767.40 -204.96
691.090515 120176498.41 -206.80 
692.227173 120123764.04 -208.76
693.363831 120070533.75 -423.22 
694.500488 119962615.97 -214.52
695.637146 119907913.21 -216.45
696.773804 119852714.54 -218.43 
697.910461 119797012.33 -220.44
699.047119 119740798.95 -222.41 
700.183777 119684082.03 -224.46
701.320435 119626846.31 -226.50
702.457092 119569091.80 -459.20 
703.593750 119451995.85 -232.72
704.730408 119392654.42 -234.85 
705.867065 119332771.30 -236.94
707.003723 119272354.13 -239.10
708.140381 119211380.00 -241.23 
709.277039 119149864.20 -243.41
710.413696 119087791.44 -493.40 
711.550354 118961975.10 -250.05
712.687012 118898208.62 -252.24 
713.823669 118833885.19 -254.54
714.960327 118768974.30 -256.80
716.096985 118703491.21 -259.13 
717.233643 118637413.02 -261.42
718.370300 118570747.38 -529.85 
719.506958 118435638.43 -268.48
720.643616 118367179.87 -270.86 
721.780273 118298110.96 -273.29
722.916931 118228424.07 -275.62
724.053589 118158142.09 -278.20 
725.190247 118087203.98 -280.55
726.326904 118015663.15 -283.04 
727.463562 117943489.07 -573.60
728.600220 117797218.32 -290.61
729.736877 117723114.01 -293.14 
730.873535 117648361.21 -295.69
732.010193 117572959.90 -298.32 
733.146851 117496887.21 -300.89
734.283508 117420158.39 -303.53
735.420166 117342758.18 -615.05 
736.556824 117185920.72 -311.53
737.693481 117106483.46 -314.24 
738.830139 117026351.93 -316.97
739.966797 116945526.12 -319.70
741.103455 116864006.04 -322.47 
742.240112 116781776.43 -325.25
743.376770 116698837.28 -658.93 
744.513428 116530807.50 -333.69
745.650085 116445716.86 -336.59 
746.786743 116359886.17 -339.47
747.923401 116273323.06 -342.35
749.060059 116186027.53 -345.29 
750.196716 116097976.68 -348.21
751.333374 116009185.79 -351.20 
752.470032 115919631.96 -711.31
753.606689 115738250.73 -360.21
754.743347 115646400.45 -363.24 
755.880005 115553771.97 -366.27
757.016663 115460372.92 -369.37 
758.153320 115366180.42 -372.47
759.289978 115271202.09 -375.60 
760.426636 115175422.67 -760.64
761.563293 114981460.57 -385.08
762.699951 114883262.63 -388.28 
763.836609 114784255.98 -391.56
764.973267 114684410.10 -394.75 
766.109924 114583747.86 -398.03
767.246582 114482246.40 -401.31
768.383240 114379913.33 -812.58 
769.519897 114172706.60 -411.32
770.656555 114067817.69 -414.65 
771.793213 113962081.91 -418.07
772.929871 113855476.38 -421.48
774.066528 113748001.10 -424.92 
775.203186 113639648.44 -428.35
776.339844 113530418.40 -431.85 
777.476501 113420295.72 -874.13
778.613159 113197387.70 -442.34
779.749817 113084587.10 -445.93 
780.886475 112970870.97 -449.48
782.023132 112856254.58 -453.09 
783.159790 112740715.03 -456.68
784.296448 112624259.95 -460.36
785.433105 112506866.46 -931.65 
786.569763 112269294.74 -471.38
787.706421 112149093.63 -475.08 
788.843079 112027946.47 -478.80
789.979736 111905853.27 -482.61
791.116394 111782791.14 -486.37 
792.253052 111658767.70 -490.12
793.389709 111533782.96 -991.80 
794.526367 111280876.16 -501.61
795.663025 111152961.73 -505.56
796.799683 111024047.85 -509.40 
797.936340 110894149.78 -513.35
799.072998 110763244.63 -517.29 
800.209656 110631340.03 -521.24
801.346313 110498420.72 -525.18
802.482971 110364501.95 -1062.40 
803.619629 110093589.78 -537.21
804.756287 109956604.00 -541.26 
805.892944 109818580.63 -545.34
807.029602 109679519.65 -549.42
808.166260 109539413.45 -553.49 
809.302917 109398269.65 -557.64
810.439575 109256073.00 -1127.70 
811.576233 108968513.49 -570.11
812.712891 108823135.38 -574.31
813.849548 108676689.15 -578.51 
814.986206 108529167.18 -582.73
816.122864 108380569.46 -586.95 
817.259521 108230896.00 -591.22
818.396179 108080131.53 -1195.30 
819.532837 107775329.59 -604.08
820.669495 107621292.11 -608.45
821.806152 107466140.75 -612.76 
822.942810 107309883.12 -617.12
824.079468 107152519.23 -621.51 
825.216125 106994033.81 -625.88
826.352783 106834434.51 -630.26
827.489441 106673721.31 -1273.83
828.626099 106348892.21 -643.56
829.762756 106184783.94 -648.03 
830.899414 106019538.88 -652.50
832.036072 105853149.41 -656.98 
833.172729 105685623.17 -661.50
834.309387 105516944.89 -666.02
835.446045 105347106.93 -1345.54 
836.582703 105003997.80 -679.62
837.719360 104830696.11 -684.16 
838.856018 104656234.74 -688.74
839.992676 104480606.08 -693.32
841.129333 104303810.12 -697.91 
842.265991 104125839.23 -702.50
843.402649 103946701.05 -1418.87 
844.539307 103584892.27 -716.39
845.675964 103402214.05 -721.06
846.812622 103218345.64 -725.67 
847.949280 103033302.31 -730.37
849.085938 102847061.16 -735.01 
850.222595 102659629.82 -739.66
851.359253 102471015.93 -744.37 
852.495911 102281204.22 -1502.83
853.632568 101897979.74 -758.46
854.769226 101704574.58 -763.15 
855.905884 101509971.62 -767.90
857.042542 101314155.58 -772.60
858.179199 101117141.72 -777.32 
859.315857 100918922.42 -782.05
860.452515 100719497.68 -1578.30 
861.589172 100317031.86 -796.31
862.725830 100113975.52 -800.98 
863.862488 99909721.37 -805.75
864.999146 99704254.15 -810.49
866.135803 99497581.48 -815.23 
867.272461 99289695.74 -820.00
868.409119 99080596.92 -1654.21 
869.545776 98658775.33 -834.20
870.682434 98446052.55 -838.98
871.819092 98232116.70 -843.76 
872.955750 98016960.14 -848.45
874.092407 97800605.77 -853.20 
875.229065 97583038.33 -857.86
876.365723 97364280.70 -1730.07 
877.502380 96923110.96 -872.05
878.639038 96700737.00 -876.87
879.775696 96477134.70 -881.48 
880.912354 96252357.48 -886.25
882.049011 96026367.19 -890.93 
883.185669 95799179.08 -895.61
884.322327 95570800.78 -900.32
885.458984 95341217.04 -1814.61 
886.595642 94878494.26 -914.27
887.732300 94645355.22 -918.97 
888.868958 94411018.37 -923.52
890.005615 94175521.85 -928.20
891.142273 93938835.14 -932.81 
892.278931 93700965.88 -937.38
893.415588 93461936.95 -1888.52 
894.552246 92980361.94 -951.09
895.688904 92737831.12 -955.65
896.825562 92494140.62 -960.15 
897.962219 92249305.73 -964.68
899.098877 92003311.16 -969.16 
900.235535 91756172.18 -973.62
901.372192 91507896.42 -1960.61
902.508850 91007942.20 -986.94 
903.645508 90756271.36 -991.34
904.782166 90503479.00 -995.72 
905.918823 90249572.75 -1000.10
907.055481 89994544.98 -1004.41
908.192139 89738418.58 -1008.72 
909.328796 89481193.54 -1013.01
910.465454 89222877.50 -2038.80 
911.602112 88702987.67 -1025.75
912.738770 88441421.51 -1029.94
913.875427 88178787.23 -1034.11 
915.012085 87915092.47 -1038.24
916.148743 87650344.85 -1042.37 
917.285400 87384536.74 -1046.40
918.422058 87117706.30 -2105.00 
919.558716 86580932.62 -1058.53
920.695374 86311004.64 -1062.44
921.832031 86040084.84 -1066.43 
922.968689 85768142.70 -1070.29
924.105347 85495216.37 -1074.16 
925.242004 85221305.85 -1078.03
926.378662 84946411.13 -2167.39
927.515320 84393730.16 -1089.34 
928.651978 84115943.91 -1092.99
929.788635 83837234.50 -1096.68 
930.925293 83557579.04 -1100.31
932.061951 83277000.43 -1103.90
933.198608 82995506.29 -1107.43 
934.335266 82713111.88 -1110.95
935.471924 82429817.20 -2232.29 
936.608582 81860580.44 -1121.22
937.745239 81574668.88 -1124.60
938.881897 81287895.20 -1127.90 
940.018555 81000282.29 -1131.19
941.155212 80711830.14 -1134.40 
942.291870 80422561.65 -1137.60
943.428528 80132476.81 -2284.56 
944.565186 79549911.50 -1146.87
945.701843 79257461.55 -1149.84
946.838501 78964248.66 -1152.85 
947.975159 78670272.83 -1155.72
949.111816 78375564.58 -1158.60 
950.248474 78080123.90 -1161.45
951.385132 77783958.44 -2331.09
952.521790 77189529.42 -1169.58 
953.658447 76891288.76 -1172.23
954.795105 76592369.08 -1174.74 
955.931763 76292808.53 -1177.30
957.068420 75992599.49 -1179.75
958.205078 75691764.83 -1182.18 
959.341736 75390304.57 -1184.54
960.478394 75088249.21 -2376.00 
961.615051 74482368.47 -1191.31
962.751709 74178581.24 -1193.51 
963.888367 73874237.06 -1195.55
965.025024 73569374.08 -1197.66
966.161682 73263969.42 -1199.60 
967.298340 72958068.85 -1201.55
968.434998 72651672.36 -2408.71 
969.571655 72037452.70 -1207.03
970.708313 71729660.03 -1208.73
971.844971 71421432.50 -1210.38 
972.981628 71112785.34 -1211.99
974.118286 70803726.20 -1213.54 
975.254944 70494270.32 -1215.01
976.391602 70184440.61 -2434.20
977.528259 69563720.70 -1219.13 
978.664917 69252845.76 -1220.35
979.801575 68941658.02 -1221.54 
980.938232 68630165.10 -1222.69
982.074890 68318382.26 -1223.75
983.211548 68006324.77 -1224.74 
984.348206 67694015.50 -1225.71
985.484863 67381462.10 -2453.98 
986.621521 66755699.16 -1228.19
987.758179 66442512.51 -1228.89 
988.894836 66129150.39 -1229.54
990.031494 65815620.42 -1230.13
991.168152 65501937.87 -1230.68 
992.304810 65188117.98 -1231.10
993.441467 64874191.28 -2463.36 
994.578125 64246032.71 -1232.10
995.714783 63931846.62 -1232.35
996.851440 63617599.49 -1232.47 
997.988098 63303318.02 -1232.58
999.124756 62989009.86 -1232.61 
1000.261414 62674694.06 -1232.58
1001.398071 62360385.89 -2464.83 
1002.534729 61731853.49 -1232.11
1003.671387 61417663.57 -1231.82
1004.808044 61103549.96 -1231.51 
1005.944702 60789516.45 -1231.10
1007.081360 60475585.94 -1230.65
1008.218018 60161769.87 -1230.10 
1009.354675 59848094.94 -1229.54
1010.491333 59534561.16 -2457.07 
1011.627991 58908008.58 -1227.42
1012.764648 58595016.48 -1226.56 
1013.901306 58282241.82 -1225.70
1015.037964 57969688.42 -1224.75
1016.174622 57657379.15 -1223.76 
1017.311279 57345321.66 -1222.66
1018.447937 57033542.63 -2441.90 
1019.584595 56410858.15 -1219.09
1020.721252 56099990.84 -1217.82
1021.857910 55789447.78 -1216.45 
1022.994568 55479251.86 -1215.00
1024.131226 55169425.96 -1213.53 
1025.267944 54859973.91 -1211.97
1026.404663 54550922.39 -2419.16
1027.541382 53934036.25 -1207.01 
1028.678101 53626247.41 -1205.28
1029.814819 53318901.06 -1203.43 
1030.951538 53012027.74 -1201.55
1032.088257 52705631.26 -1199.61
1033.224976 52399730.68 -1197.65
1034.361694 52094329.83 -1195.57
1035.498413 51789459.23 -2384.81 
1036.635132 51181331.63 -1189.11
1037.771851 50878108.98 -1186.87 
1038.908569 50575458.53 -1184.56
1040.045288 50273395.54 -1182.16
1041.182007 49971942.90 -1179.75 
1042.318726 49671104.43 -1177.30
1043.455444 49370895.39 -2346.98 
1044.592163 48772415.16 -1169.57
1045.728882 48474174.50 -1166.89
1046.865601 48176616.67 -1164.20 
1048.002319 47879745.48 -1161.41
1049.139038 47583583.83 -1158.60 
1050.275757 47288139.34 -1155.74
1051.412476 46993427.28 -2302.70
1052.549194 46406238.56 -1146.87 
1053.685913 46113788.60 -1143.79
1054.822632 45822120.67 -1140.75
1055.959351 45531230.93 -1137.58 
1057.096069 45241149.90 -1134.41
1058.232788 44951873.78 -1131.18 
1059.369507 44663421.63 -2252.50
1060.506226 44089035.03 -1121.25 
1061.642944 43803115.84 -1117.85
1062.779663 43518062.59 -1114.41 
1063.916382 43233886.72 -1110.94
1065.053101 42950595.86 -1107.45
1066.189819 42668193.82 -1103.89 
1067.326538 42386699.68 -1100.28
1068.463257 42106128.69 -2189.71 
1069.599976 41547752.38 -1089.30
1070.736694 41269981.38 -1085.59
1071.873413 40993156.43 -1081.81 
1073.010132 40717296.60 -1078.03
1074.146851 40442398.07 -1074.17 
1075.283569 40168483.73 -1070.29
1076.420288 39895557.40 -2128.87
1077.557007 39352695.47 -1058.52 
1078.693726 39082775.12 -1054.50
1079.830444 38813877.11 -1050.48 
1080.967163 38546005.25 -1046.45
1082.103882 38279159.55 -1042.33
1083.240601 38013366.70 -1038.26 
1084.377319 37748611.45 -2064.00
1085.514038 37222290.04 -1025.77 
1086.650757 36960720.06 -1021.51
1087.787476 36700233.46 -1017.29
1088.924194 36440826.42 -1013.01 
1090.060913 36182510.38 -1008.74
1091.197632 35925281.52 -1004.41 
1092.334351 35669158.94 -1000.09
1093.471069 35414134.98 -1987.05 
1094.607788 34907436.37 -986.95
1095.744507 34655765.53 -982.54
1096.881226 34405220.03 -978.10 
1098.017944 34155803.68 -973.63
1099.154663 33907527.92 -969.18
1100.291382 33660388.95 -964.66 
1101.428101 33414402.01 -1915.79
1102.564819 32925872.80 -951.09 
1103.701538 32683341.98 -946.54
1104.838257 32441974.64 -941.97 
1105.974976 32201774.60 -937.41
1107.111694 31962736.13 -932.80
1108.248413 31724872.59 -928.18 
1109.385132 31488187.79 -1842.49
1110.521851 31018352.51 -914.29 
1111.658569 30785207.75 -909.63
1112.795288 30553251.27 -904.96
1113.932007 30322484.97 -900.31 
1115.068726 30092905.04 -895.60
1116.205444 29864526.75 -890.94 
1117.342163 29637338.64 -886.23
1118.478882 29411350.25 -1758.35
1119.615601 28962970.73 -872.10 
1120.752319 28740587.23 -867.38
1121.889038 28519403.46 -862.65 
1123.025757 28299427.03 -857.93
1124.162476 28080654.14 -853.18 
1125.299194 27863094.33 -848.46
1126.435913 27646738.05 -1682.68
1127.572632 27217655.18 -834.23 
1128.709351 27004926.68 -829.48
1129.846069 26793407.44 -824.73 
1130.982788 26583101.27 -819.98
1132.119507 26374008.18 -815.24
1133.256226 26166122.44 -810.50 
1134.392944 25959444.05 -1606.75
1135.529663 25549722.67 -796.27 
1136.666382 25346673.97 -791.52
1137.803101 25144836.43 -786.79
1138.939819 24944204.33 -782.06 
1140.076538 24744779.59 -777.33
1141.213257 24546560.29 -772.61 
1142.349976 24349546.43 -767.88
1143.486694 24153736.11 -1521.63
1144.623413 23765720.37 -753.75 
1145.760132 23573513.03 -749.07
1146.896851 23382501.60 -744.36 
1148.033569 23192689.90 -739.68
1149.170288 23004072.19 -735.01 
1150.307007 22816642.76 -730.35
1151.443726 22630403.52 -1446.71
1152.580444 22261493.68 -716.38 
1153.717163 22078815.46 -711.75
1154.853882 21897317.89 -707.12 
1155.990601 21717000.96 -702.52
1157.127319 21537858.96 -697.90
1158.264038 21359893.80 -693.32 
1159.400757 21183097.84 -1372.89
1160.537476 20833011.63 -679.61 
1161.674194 20659709.93 -675.05
1162.810913 20487573.62 -670.52
1163.947632 20316589.36 -665.99 
1165.084351 20146762.85 -661.48
1166.221069 19978084.56 -656.98 
1167.357788 19810554.50 -652.50
1168.494507 19644166.95 -1291.60
1169.631226 19314809.80 -639.11 
1170.767944 19151836.40 -634.70
1171.904663 18989986.42 -630.27 
1173.041382 18829267.50 -625.88
1174.178101 18669668.20 -621.49
1175.314819 18511186.60 -617.12 
1176.451538 18353820.80 -1221.19
1177.588257 18042417.53 -604.10 
1178.724976 17888372.42 -599.80
1179.861694 17735424.04 -595.50 
1180.998413 17583570.48 -591.23
1182.135132 17432806.02 -586.96
1183.271851 17283130.65 -582.73 
1184.408569 17134534.84 -1152.80
1185.545288 16840572.36 -570.11 
1186.682007 16695196.15 -565.93
1187.818726 16550882.34 -561.78
1188.955444 16407629.01 -557.64 
1190.092163 16265432.36 -553.52
1191.228882 16124284.74 -549.42 
1192.365601 15984182.36 -1086.60
1193.502319 15707099.91 -537.22
1194.639038 15570107.46 -533.20 
1195.775757 15434142.11 -529.19
1196.912476 15299200.06 -525.20 
1198.049194 15165275.57 -521.22
1199.185913 15032363.89 -517.28
1200.322632 14900458.34 -513.34 
1201.459351 14769557.00 -1014.95
1202.596069 14510744.09 -501.66 
1203.732788 14382820.13 -497.80
1204.869507 14255881.31 -493.96
1206.006226 14129920.96 -490.15 
1207.142944 14004932.40 -486.36
1208.279663 13880910.87 -482.58 
1209.416382 13757853.51 -953.90
1210.553101 13514608.38 -471.37
1211.689819 13394408.23 -467.67 
1212.826538 13275152.21 -464.00
1213.963257 13156833.65 -460.34 
1215.099976 13039445.88 -456.70
1216.236694 12922986.03 -453.09 
1217.373413 12807448.39 -895.42
1218.510132 12579116.82 -442.37
1219.646851 12466312.41 -438.83 
1220.783569 12354411.13 -435.33
1221.920288 12243403.43 -431.83
1223.057007 12133287.43 -428.36 
1224.193726 12024056.43 -424.90
1225.330444 11915707.59 -421.48 
1226.467163 11808229.45 -832.73
1227.603882 11595883.37 -411.30 
1228.740601 11491001.13 -407.95
1229.877319 11386973.38 -404.63
1231.014038 11283791.54 -401.32 
1232.150757 11181455.61 -398.03
1233.287476 11079958.92 -394.77 
1234.424194 10979291.92 -779.81
1235.560913 10780441.28 -385.10
1236.697632 10682241.44 -381.90 
1237.834351 10584856.99 -378.74
1238.971069 10488278.39 -375.60 
1240.107788 10392501.83 -372.47
1241.244507 10297520.64 -369.37 
1242.381226 10203331.95 -729.52
1243.517944 10017305.37 -360.19
1244.654663 9925457.95 -357.16 
1245.791382 9834382.06 -354.16
1246.928101 9744071.01 -351.18
1248.064819 9654520.03 -348.22 
1249.201538 9565724.37 -345.28
1250.338257 9477679.25 -342.36 
1251.474976 9390378.00 -676.03
1252.611694 9217989.92 -333.71
1253.748413 9132893.56 -330.87 
1254.885132 9048521.04 -328.05
1256.021851 8964868.55 -325.25 
1257.158569 8881930.35 -322.47
1258.295288 8799699.78 -319.70
1259.432007 8718176.84 -631.20 
1260.568726 8557221.41 -311.53
1261.705444 8477780.34 -308.86 
1262.842163 8399022.10 -306.18
1263.978882 8320946.69 -303.54
1265.115601 8243544.58 -300.91 
1266.252319 8166812.90 -298.30
1267.389038 8090745.93 -588.86 
1268.525757 7940587.04 -290.59
1269.662476 7866486.07 -288.06
1270.799194 7793031.22 -285.55
1271.935913 7720216.75 -283.05
1273.072632 7648037.91 -280.57 
1274.209351 7576491.83 -278.12
1275.346069 7505570.89 -275.68 
1276.482788 7435272.69 -544.10
1277.619507 7296525.96 -268.47
1278.756226 7228065.49 -266.10 
1279.892944 7160209.66 -263.75
1281.029663 7092952.25 -261.42 
1282.166382 7026289.46 -259.11
1283.303101 6960215.57 -256.81
1284.439819 6894728.18 -506.82 
1285.576538 6765488.62 -250.03
1286.713257 6701730.25 -247.81 
1287.849976 6638538.84 -245.61
1288.986694 6575908.18 -243.41 
1290.123413 6513839.24 -241.25
1291.260132 6452321.53 -239.08
1292.396851 6391355.51 -471.77 
1293.533569 6271053.79 -232.72
1294.670288 6211709.98 -230.63 
1295.807007 6152899.27 -228.55
1296.943726 6094618.32 -226.50
1298.080444 6036860.47 -224.46 
1299.217163 5979622.36 -222.44
1300.353882 5922900.20 -220.43 
1301.490601 5866690.16 -434.91
1302.627319 5755787.37 -214.51
1303.764038 5701087.95 -212.57 
1304.900757 5646883.01 -210.64
1306.037476 5593168.74 -208.73 
1307.174194 5539943.22 -206.84
1308.310913 5487200.26 -204.95
1309.447632 5434937.48 -404.33 
1310.584351 5331834.32 -199.41
1311.721069 5280985.36 -197.59 
1312.857788 5230600.83 -195.78
1313.994507 5180675.98 -193.99 
1315.131226 5131208.42 -192.22
1316.267944 5082192.42 -190.46
1317.404663 5033625.60 -375.70 
1318.541382 4937821.39 -185.27
1319.678101 4890578.75 -183.57 
1320.814819 4843768.12 -181.88
1321.951538 4797389.51 -180.21
1323.088257 4751436.71 -178.55 
1324.224976 4705906.39 -176.91
1325.361694 4660795.69 -175.27 
1326.498413 4616101.74 -345.71
1327.635132 4527946.47 -170.46
1328.771851 4484479.43 -168.88 
1329.908569 4441413.88 -167.32
1331.045288 4398746.01 -165.77 
1332.182007 4356473.45 -164.23
1333.318726 4314594.27 -162.72
1334.455444 4273101.81 -320.91 
1335.592163 4191270.83 -158.22
1336.728882 4150925.16 -156.75 
1337.865601 4110953.33 -155.29
1339.002319 4071354.39 -153.84 
1340.139038 4032124.52 -152.41
1341.275757 3993259.19 -150.99
1342.412476 3954757.21 -297.76 
1343.549194 3878827.81 -146.80
1344.685913 3841393.71 -145.43
1345.822632 3804308.89 -144.06 
1346.959351 3767572.64 -142.72
1348.096069 3731179.24 -141.38 
1349.232788 3695127.25 -140.05
1350.369507 3659413.58 -276.18 
1351.506226 3588987.11 -136.15
1352.642944 3554268.84 -134.87
1353.779663 3519876.00 -133.60 
1354.916382 3485807.42 -132.34
1356.053101 3452059.98 -131.10 
1357.189819 3418628.69 -129.87
1358.326538 3385512.83 -128.65
1359.463257 3352708.34 -253.66 
1360.599976 3288024.90 -125.03
1361.736694 3256141.42 -123.86 
1362.873413 3224557.40 -122.69
1364.010132 3193272.11 -121.52
1365.146851 3162283.42 -120.38 
1366.283569 3131586.55 -119.24
1367.420288 3101181.03 -235.10 
1368.557007 3041229.96 -115.89
1369.693726 3011678.93 -114.78
1370.830444 2982409.24 -113.70 
1371.967163 2953416.82 -112.62
1373.103882 2924700.02 -111.55 
1374.240601 2896254.78 -110.49
1375.377319 2868080.85 -217.84 
1376.514038 2812532.66 -107.37
1377.650757 2785154.34 -106.35
1378.787476 2758034.94 -105.33 
1379.924194 2731175.90 -104.33
1381.060913 2704572.44 -103.34 
1382.197632 2678221.94 -102.35
1383.334351 2652122.26 -101.37
1384.471069 2626272.20 -199.86 
1385.607788 2575308.32 -98.50
1386.744507 2550191.64 -97.56 
1387.881226 2525313.38 -96.63
1389.017944 2500674.01 -95.70
1390.154663 2476270.68 -94.79 
1391.291382 2452099.56 -93.88
1392.428101 2428160.43 -185.07 
1393.564819 2380966.66 -91.21
1394.701538 2357709.17 -90.33 
1395.838257 2334673.88 -89.46
1396.974976 2311860.32 -88.61
1398.111694 2289264.44 -87.76 
1399.248413 2266885.52 -86.92
1400.385132 2244721.17 -171.34 
1401.521851 2201029.54 -84.43
1402.658569 2179498.67 -83.63
1403.795288 2158174.04 -82.82 
1404.932007 2137054.44 -82.03
1406.068726 2116137.50 -81.23 
1407.205444 2095422.74 -80.45
1408.342163 2074907.54 -79.68
1409.478882 2054588.56 -157.06 
1410.615601 2014538.05 -77.40
1411.752319 1994801.64 -76.65 
1412.889038 1975255.13 -75.91
1414.025757 1955897.09 -75.18
1415.162476 1936725.38 -74.45 
1416.299194 1917739.39 -73.74
1417.435913 1898936.51 -145.34 
1418.572632 1861874.22 -71.62
1419.709351 1843610.53 -70.93
1420.846069 1825524.69 -70.24 
1421.982788 1807612.78 -69.56
1423.119507 1789874.20 -68.89 
1424.256226 1772306.08 -68.22
1425.392944 1754909.16 -134.47
1426.529663 1720618.96 -66.26 
1427.666382 1703722.12 -65.62
1428.803101 1686988.35 -64.98 
1429.939819 1670417.67 -64.35
1431.076538 1654007.91 -63.73
1432.213257 1637756.47 -63.11 
1433.349976 1621662.50 -62.50
1434.486694 1605724.57 -123.19 
1435.623413 1574312.09 -60.70
1436.760132 1558834.08 -60.11 
1437.896851 1543506.74 -59.53
1439.033569 1528327.35 -58.94
1440.170288 1513296.48 -58.38 
1441.307007 1498410.58 -57.81
1442.443726 1483669.52 -113.93 
1443.580444 1454617.62 -56.14
1444.717163 1440302.01 -55.59
1445.853882 1426126.96 -55.05 
1446.990601 1412088.51 -54.51
1448.127319 1398187.16 -53.98 
1449.264038 1384421.35 -53.45
1450.400757 1370790.36 -105.36
1451.537476 1343924.05 -51.91 
1452.674194 1330686.57 -51.41
1453.810913 1317577.72 -50.90 
1454.947632 1304597.97 -50.41
1456.084351 1291743.28 -49.91 
1457.221069 1279015.42 -49.43
1458.357788 1266410.47 -48.94
1459.494507 1253929.73 -96.47 
1460.631226 1229330.66 -47.53
1461.767944 1217211.13 -47.06 
1462.904663 1205210.09 -46.60
1464.041382 1193326.12 -46.15
1465.178101 1181557.18 -45.70 
1466.314819 1169904.35 -45.25
1467.451538 1158365.49 -89.18 
1468.588257 1135623.93 -43.94
1469.724976 1124420.29 -43.51 
1470.861694 1113325.83 -43.08
1471.998413 1102339.39 -42.66
1473.135132 1091460.94 -42.24 
1474.271851 1080689.07 -41.83
1475.408569 1070021.63 -82.44
1476.545288 1049000.38 -40.61 
1477.682007 1038643.84 -40.22
1478.818726 1028388.38 -39.82 
1479.955444 1018233.78 -39.43
1481.092163 1008178.83 -39.05
1482.228882 998221.58 -38.66 
1483.365601 988362.55 -76.19
1484.502319 968933.28 -37.54 
1485.639038 959360.54 -37.17
1486.775757 949882.81 -36.81 
1487.912476 940496.56 -36.44
1489.049194 931204.14 -36.09
1490.185913 922000.83 -35.73 
1491.322632 912889.06 -35.38
1492.459351 903866.29 -69.72 
1493.596069 886087.06 -34.35
1494.732788 877326.91 -34.01
1495.869507 868653.48 -33.68 
1497.006226 860065.52 -33.35
1498.142944 851560.83 -33.02 
1499.279663 843140.36 -32.69
1500.416382 834803.28 -64.43 
1501.553101 818372.37 -31.74
1502.689819 810277.46 -31.43
1503.826538 802262.19 -31.12 
1504.963257 794326.60 -30.82
1506.099976 786468.09 -30.51
1507.236694 778688.07 -30.22
1508.373413 770982.74 -59.53
1509.510132 755801.50 -29.33 
1510.646851 748321.83 -29.04
1511.783569 740915.78 -28.75 
1512.920288 733583.45 -28.48
1514.057007 726322.23 -28.19
1515.193726 719133.50 -27.92 
1516.330444 712014.68 -27.64
1517.467163 704965.95 -54.46 
1518.603882 691077.41 -26.83
1519.740601 684235.10 -26.57
1520.877319 677459.18 -26.30 
1522.014038 670752.17 -26.05
1523.150757 664109.05 -25.79 
1524.287476 657532.45 -25.53
1525.424194 651021.06 -50.32
1526.560913 638189.08 -24.79 
1527.697632 631867.11 -24.55
1528.834351 625608.15 -24.30 
1529.971069 619410.69 -24.06
1531.107788 613274.81 -23.83
1532.244507 607199.37 -23.59 
1533.381226 601183.00 -46.49
1534.517944 589329.18 -22.90 
1535.654663 583489.18 -22.67
1536.791382 577707.17 -22.45
1537.928101 571983.10 -22.23 
1539.064819 566314.64 -22.01
1540.201538 560701.67 -21.79 
1541.338257 555144.19 -21.58
1542.474976 549642.38 -42.52
1543.611694 538799.11 -20.94 
1544.748413 533459.01 -20.74
1545.885132 528170.82 -20.53 
1547.021851 522934.50 -20.33
1548.158569 517750.08 -20.13
1549.295288 512616.34 -19.93 
1550.432007 507534.50 -39.28
1551.568726 497519.28 -19.35 
1552.705444 492585.87 -19.16
1553.842163 487700.73 -18.97
1554.978882 482863.78 -18.78 
1556.115601 478075.12 -18.59
1557.252319 473334.76 -18.41 
1558.389038 468640.18 -36.28
1559.525757 459389.63 -17.87
1560.662476 454832.52 -17.69 
1561.799194 450321.17 -17.52
1562.935913 445854.43 -17.35 
1564.072632 441431.08 -17.17
1565.209351 437052.28 -17.01
1566.346069 432715.65 -16.84 
1567.482788 428422.36 -33.17
1568.619507 419963.57 -16.34 
1569.756226 415796.76 -16.18
1570.892944 411670.86 -16.02
1572.029663 407585.89 -15.86 
1573.166382 403541.89 -15.71
1574.303101 399536.31 -15.55 
1575.439819 395571.71 -30.64
1576.576538 387759.12 -15.09
1577.713257 383911.19 -14.94 
1578.849976 380100.43 -14.79
1579.986694 376328.17 -14.65 
1581.123413 372593.22 -14.51
1582.260132 368894.25 -14.36 
1583.396851 365232.50 -28.30
1584.533569 358017.12 -13.94
1585.670288 354463.49 -13.80 
1586.807007 350944.64 -13.66
1587.943726 347460.60 -13.53
1589.080444 344011.37 -13.40 
1590.217163 340595.60 -13.26
1591.353882 337214.77 -13.13 
1592.490601 333866.15 -25.87
1593.627319 327269.73 -12.75 
1594.764038 324019.37 -12.61
1595.900757 320802.60 -12.49
1597.037476 317616.97 -12.37 
1598.174194 314462.42 -12.24
1599.310913 311340.18 -12.13 
1600.447632 308247.80 -23.89
1601.584351 302156.42 -11.77
1602.721069 299154.91 -11.65 
1603.857788 296184.54 -11.54
1604.994507 293242.75 -11.42 
1606.131226 290329.64 -11.31
1607.267944 287446.41 -11.20
1608.404663 284590.51 -22.06 
1609.541382 278965.98 -10.87
1610.678101 276194.81 -10.76 
1611.814819 273451.06 -10.65
1612.951538 270734.70 -10.55
1614.088257 268044.50 -10.44 
1615.224976 265381.69 -10.33
1616.361694 262746.33 -10.24 
1617.498413 260135.92 -20.17
1618.635132 254992.31 -9.93 
1619.771851 252459.11 -9.84
1620.908569 249950.87 -9.74
1622.045288 247467.56 -9.64 
1623.182007 245009.18 -9.55
1624.318726 242574.50 -9.45 
1625.455444 240163.49 -18.62
1626.592163 235415.12 -9.17
1627.728882 233076.44 -9.08 
1628.865601 230760.25 -9.00
1630.002319 228466.48 -8.90 
1631.139038 226196.44 -8.81
1632.275757 223948.85 -8.73
1633.412476 221723.72 -17.20 
1634.549194 217338.35 -8.47
1635.685913 215178.09 -8.38 
1636.822632 213040.31 -8.31
1637.959351 210922.49 -8.22 
1639.096069 208825.93 -8.14
1640.232788 206750.56 -8.06
1641.369507 204696.40 -15.88 
1642.506226 200646.80 -7.82
1643.642944 198652.58 -7.74 
1644.779663 196678.34 -7.67
1645.916382 194722.83 -7.59
1647.053101 192787.32 -7.51 
1648.189819 190871.78 -7.44
1649.326538 188973.72 -7.36 
1650.463257 187095.66 -14.51
1651.599976 183394.49 -7.15 
1652.736694 181571.39 -7.08
1653.873413 179767.04 -7.01
1655.010132 177978.90 -6.94 
1656.146851 176209.55 -6.87
1657.283569 174458.92 -6.80 
1658.420288 172724.53 -13.40
1659.557007 169307.02 -6.60
1660.693726 167623.86 -6.54 
1661.830444 165956.97 -6.47
1662.967163 164307.56 -6.41 
1664.103882 162673.18 -6.34
1665.240601 161056.30 -6.28
1666.377319 159454.41 -12.37 
1667.514038 156299.38 -6.09
1668.650757 154746.28 -6.04 
1669.787476 153206.88 -5.97
1670.924194 151683.78 -5.91 
1672.060913 150175.68 -5.86
1673.197632 148682.59 -5.80
1674.334351 147203.24 -5.74 
1675.471069 145740.17 -11.31
1676.607788 142856.52 -5.57
1677.744507 141435.97 -5.52
1678.881226 140029.19 -5.46
1680.017944 138636.16 -5.40 
1681.154663 137258.14 -5.35
1682.291382 135892.64 -5.30
1683.428101 134542.15 -10.44 
1684.564819 131878.72 -5.14
1685.701538 130567.01 -5.09 
1686.838257 129269.09 -5.04
1687.974976 127983.66 -4.99
1689.111694 126710.76 -4.94 
1690.248413 125450.37 -4.89
1691.385132 124202.52 -9.64 
1692.521851 121744.31 -4.75
1693.658569 120534.00 -4.70
1694.795288 119334.94 -4.65 
1695.932007 118148.42 -4.61
1697.068726 116973.14 -4.56 
1698.205444 115809.14 -4.52
1699.342163 114657.66 -4.47 
1700.478882 113517.46 -8.81
1701.615601 111270.85 -4.34
1702.752319 110163.20 -4.29 
1703.889038 109068.06 -4.26
1705.025757 107982.94 -4.21
1706.162476 106909.10 -4.17 
1707.299194 105845.27 -4.13
1708.435913 104792.73 -8.13 
1709.572632 102718.92 -4.01
1710.709351 101696.44 -3.97 
1711.846069 100685.22 -3.93
1712.982788 99684.01 -3.89
1714.119507 98691.60 -3.85 
1715.256226 97710.43 -3.81
1716.392944 96738.05 -7.51 
1717.529663 94823.34 -3.70
1718.666382 93879.77 -3.66 
1719.803101 92946.22 -3.63
1720.939819 92021.44 -3.59
1722.076538 91106.68 -3.56 
1723.213257 90199.45 -3.52
1724.349976 89302.23 -3.48 
1725.486694 88413.79 -6.86
1726.623413 86663.23 -3.38 
1727.760132 85801.10 -3.35
1728.896851 84947.76 -3.31
1730.033569 84103.17 -3.28 
1731.170288 83266.11 -3.25
1732.307007 82437.81 -3.22
1733.443726 81617.06 -6.33
1734.580444 80001.84 -3.12
1735.717163 79206.14 -3.09 
1736.853882 78417.96 -3.06
1737.990601 77637.30 -3.03 
1739.127319 76865.43 -3.00
1740.264038 76101.07 -2.97
1741.400757 75342.97 -5.85 
1742.537476 73851.85 -2.88
1743.674194 73116.32 -2.85 
1744.810913 72389.58 -2.83
1745.947632 71669.09 -2.80
1747.084351 70956.14 -2.77 
1748.221069 70249.44 -2.74
1749.357788 69551.53 -2.72 
1750.494507 68858.63 -5.35
1751.631226 67495.41 -2.63
1752.767944 66823.83 -2.60
1753.904663 66159.76 -2.58
1755.041382 65500.72 -2.55 
1756.178101 64849.21 -2.53
1757.314819 64203.96 -2.51 
1758.451538 63564.97 -4.94
1759.588257 62305.83 -2.43
1760.724976 61686.92 -2.41 
1761.861694 61073.02 -2.38
1762.998413 60465.40 -2.36 
1764.135132 59862.79 -2.33
1765.271851 59267.71 -2.31 
1766.408569 58677.64 -4.55
1767.545288 57516.33 -2.25
1768.682007 56943.82 -2.22 
1769.818726 56377.59 -2.20
1770.955444 55816.37 -2.18
1772.092163 55260.18 -2.16 
1773.228882 54710.25 -2.13
1774.365601 54166.60 -4.21 
1775.502319 53093.09 -2.07
1776.639038 52565.75 -2.05
1777.775757 52042.17 -2.03 
1778.912476 51524.86 -2.01
1780.049194 51011.31 -1.99 
1781.185913 50504.04 -1.97
1782.322632 50001.79 -1.95
1783.459351 49503.30 -3.84 
1784.596069 48523.89 -1.90
1785.732788 48040.45 -1.88 
1786.869507 47562.04 -1.85
1788.006226 47089.90 -1.84 
1789.142944 46620.27 -1.82
1790.279663 46156.91 -1.80
1791.416382 45697.32 -3.55 
1792.553101 44791.94 -1.75
1793.689819 44346.15 -1.73
1794.826538 43905.37 -1.71 
1795.963257 43468.37 -1.69
1797.099976 43036.38 -1.68 
1798.236694 42606.91 -1.66
1799.373413 42183.71 -3.27
1800.510132 41348.60 -1.62
1801.646851 40936.69 -1.60
1802.783569 40529.81 -1.59 
1803.920288 40125.43 -1.57
1805.057007 39726.07 -1.55 
1806.193726 39331.73 -1.54
1807.330444 38939.91 -1.52
1808.467163 38551.85 -2.99 
1809.603882 37788.28 -1.47
1810.740601 37412.77 -1.46 
1811.877319 37039.76 -1.44
1813.014038 36671.79 -1.43
1814.150757 36306.32 -1.41
1815.287476 35945.87 -1.40
1816.424194 35587.94 -2.76 
1817.560913 34883.36 -1.36
1818.697632 34535.46 -1.35 
1819.834351 34191.33 -1.33
1820.971069 33850.96 -1.32
1822.107788 33514.36 -1.31 
1823.244507 33181.53 -1.30
1824.381226 32851.21 -2.55
1825.517944 32200.61 -1.26 
1826.654663 31880.33 -1.25
1827.791382 31562.56 -1.23 
1828.928101 31248.56 -1.22
1830.064819 30937.07 -1.21
1831.201538 30629.34 -1.20 
1832.338257 30324.13 -1.18
1833.474976 30022.68 -2.33 
1834.611694 29428.57 -1.15
1835.748413 29134.66 -1.13
1836.885132 28845.76 -1.13 
1838.021851 28558.12 -1.11
1839.158569 28274.25 -1.10 
1840.295288 27992.89 -1.09
1841.432007 27714.04 -2.15
1842.568726 27165.13 -1.06 
1843.705444 26895.07 -1.05
1844.842163 26627.52 -1.04 
1845.978882 26362.48 -1.03
1847.115601 26099.95 -1.02
1848.252319 25839.94 -1.01 
1849.389038 25582.44 -1.99
1850.525757 25076.21 -0.98 
1851.662476 24826.24 -0.97
1852.799194 24578.78 -0.96 
1853.935913 24335.09 -0.95
1855.072632 24092.65 -0.94
1856.209351 23852.72 -0.93 
1857.346069 23615.31 -0.92
1858.482788 23380.41 -1.82 
1859.619507 22916.88 -0.90
1860.756226 22688.25 -0.88
1861.892944 22463.40 -0.88 
1863.029663 22239.80 -0.87
1864.166382 22018.70 -0.86 
1865.303101 21798.87 -0.85
1866.439819 21581.55 -1.67
1867.576538 21154.44 -0.83 
1868.713257 20943.39 -0.82
1869.849976 20734.86 -0.81 
1870.986694 20528.84 -0.80
1872.123413 20325.33 -0.80
1873.260132 20121.82 -0.78 
1874.396851 19922.08 -1.55
1875.533569 19527.62 -0.76 
1876.670288 19332.90 -0.75
1877.807007 19140.69 -0.75
1878.943726 18949.74 -0.74 
1880.080444 18761.30 -0.73
1881.217163 18575.37 -0.73 
1882.353882 18389.45 -0.71
1883.490601 18207.29 -1.41
1884.627319 17846.74 -0.70 
1885.764038 17668.35 -0.69
1886.900757 17492.47 -0.68 
1888.037476 17319.10 -0.68
1889.174194 17145.73 -0.67
1890.310913 16976.13 -0.67 
1891.447632 16806.53 -1.31
1892.584351 16473.61 -0.64 
1893.721069 16310.29 -0.64
1894.857788 16146.97 -0.63
1895.994507 15986.16 -0.62
1897.131226 15827.86 -0.62
1898.267944 15669.57 -0.61 
1899.404663 15513.78 -1.20
1900.541382 15207.24 -0.60 
1901.678101 15055.22 -0.59
1902.814819 14905.72 -0.58
1903.951538 14757.47 -0.58 
1905.088257 14610.48 -0.57
1906.224976 14464.74 -0.57 
1907.361694 14320.26 -0.56
1908.498413 14178.29 -1.10
1909.635132 13896.87 -0.54 
1910.771851 13758.67 -0.54
1911.908569 13621.73 -0.53 
1913.045288 13486.04 -0.53
1914.182007 13351.61 -0.52
1915.318726 13219.69 -0.52 
1916.455444 13087.77 -1.01
1917.592163 12828.95 -0.50 
1918.728882 12700.80 -0.50
1919.865601 12573.91 -0.49
1921.002319 12449.53 -0.49 
1922.139038 12325.14 -0.48
1923.275757 12202.02 -0.47 
1924.412476 12081.40 -0.94
1925.549194 11841.43 -0.46
1926.685913 11723.33 -0.45 
1927.822632 11607.74 -0.45
1928.959351 11492.15 -0.45 
1930.096069 11377.82 -0.45
1931.232788 11263.49 -0.44
1932.369507 11151.66 -0.87 
1933.506226 10930.54 -0.42
1934.642944 10822.48 -0.42 
1935.779663 10714.43 -0.42
1936.916382 10607.63 -0.41
1938.053101 10502.09 -0.41 
1939.189819 10397.81 -0.40
1940.326538 10294.78 -0.40 
1941.463257 10191.76 -0.79
1942.599976 9989.47 -0.39
1943.736694 9890.21 -0.38 
1944.873413 9792.21 -0.38
1946.010132 9694.21 -0.38
1947.146851 9597.46 -0.37 
1948.283569 9501.97 -0.37
1949.420288 9407.74 -0.73 
1950.557007 9221.78 -0.36
1951.693726 9130.06 -0.36 
1952.830444 9038.34 -0.35
1953.967163 8949.13 -0.35
1955.103882 8859.92 -0.34 
1956.240601 8771.97 -0.34
1957.377319 8684.02 -0.68 
1958.514038 8511.88 -0.33
1959.650757 8427.70 -0.33
1960.787476 8343.52 -0.33 
1961.924194 8260.59 -0.33
1963.060913 8177.66 -0.32 
1964.197632 8097.25 -0.32
1965.334351 8016.83 -0.32
1966.471069 7936.42 -0.62 
1967.607788 7779.36 -0.31
1968.744507 7701.46 -0.30 
1969.881226 7624.81 -0.30
1971.017944 7549.42 -0.30 
1972.154663 7474.03 -0.29
1973.291382 7399.90 -0.29
1974.428101 7325.77 -0.57 
1975.564819 7181.27 -0.28
1976.701538 7109.65 -0.28 
1977.838257 7038.03 -0.27
1978.974976 6968.92 -0.27
1980.111694 6899.82 -0.27 
1981.248413 6830.71 -0.27
1982.385132 6762.86 -0.53 
1983.521851 6628.41 -0.26
1984.658569 6563.07 -0.26
1985.795288 6497.73 -0.26 
1986.932007 6432.40 -0.25
1988.068726 6368.31 -0.25 
1989.205444 6305.49 -0.25
1990.342163 6242.66 -0.25
1991.478882 6179.84 -0.48 
1992.615601 6057.96 -0.24
1993.752319 5997.64 -0.24 
1994.889038 5937.33 -0.23
1996.025757 5878.27 -0.23
1997.162476 5820.47 -0.23 
1998.299194 5762.67 -0.23
1999.435913 5704.87 -22.37 
2000.572632 0.00 0.00
2001.709351 0.00 0.00
2002.846069 0.00 0.00 
2003.982788 0.00 0.00
2005.119507 0.00 0.00 
2006.256226 0.00 0.00
2007.392944 0.00 0.00
2008.529663 0.00 0.00 
2009.666382 0.00 0.00
2010.803101 0.00 0.00 
2011.939819 0.00 0.00
2013.076538 0.00 0.00
2014.213257 0.00 0.00 
2015.349976 0.00 0.00
2016.486694 0.00 0.00 
2017.623413 0.00 0.00
2018.760132 0.00 0.00 
2019.896851 0.00 0.00
2021.033569 0.00 0.00
2022.170288 0.00 0.00 
2023.307007 0.00 0.00
2024.443726 0.00 0.00 
2025.580444 0.00 0.00
2026.717163 0.00 0.00
2027.853882 0.00 0.00 
2028.990601 0.00 0.00
2030.127319 0.00 0.00 
2031.264038 0.00 0.00
2032.400757 0.00 0.00
2033.537476 0.00 0.00 
2034.674194 0.00 0.00
2035.810913 0.00 0.00 
2036.947632 0.00 0.00
2038.084351 0.00 0.00
2039.221069 0.00 0.00 
2040.357788 0.00 0.00
2041.494507 0.00 0.00 
2042.631226 0.00 0.00
2043.767944 0.00 0.00
2044.904663 0.00 0.00 
2046.041382 0.00 0.00
2047.178101 0.00 0.00 